objval: (129.267662886+0j)
w11: [ 2.60e+00-j0.00e+00  8.50e+00-j3.69e+00 -3.65e+00-j1.48e+00 -1.53e+00+j1.87e+00];[ 8.50e+00+j3.69e+00  3.30e+01-j0.00e+00 -9.84e+00-j1.00e+01 -7.68e+00+j3.95e+00];[-3.65e+00+j1.48e+00 -9.84e+00+j1.00e+01  5.96e+00-j0.00e+00  1.09e+00-j3.50e+00];[-1.53e+00-j1.87e+00 -7.68e+00-j3.95e+00  1.09e+00+j3.50e+00  2.26e+00-j0.00e+00];
w12: [ 6.57e-02-j0.00e+00  9.59e-01-j5.04e-02  1.54e-01-j8.74e-02 -2.49e-01+j4.24e-01];[ 9.59e-01+j5.04e-02  1.40e+01-j0.00e+00  2.31e+00-j1.16e+00 -3.95e+00+j6.00e+00];[ 1.54e-01+j8.74e-02  2.31e+00+j1.16e+00  4.75e-01-j0.00e+00 -1.14e+00+j6.60e-01];[-2.49e-01-j4.24e-01 -3.95e+00-j6.00e+00 -1.14e+00-j6.60e-01  3.67e+00-j0.00e+00];
w21: [ 5.99e+00-j0.00e+00 -2.12e+00+j5.72e+00 -9.86e+00-j1.93e+00 -6.91e-01-j3.16e+00];[-2.12e+00-j5.72e+00  6.21e+00-j0.00e+00  1.66e+00+j1.01e+01 -2.77e+00+j1.78e+00];[-9.86e+00+j1.93e+00  1.66e+00-j1.01e+01  1.68e+01-j0.00e+00  2.16e+00+j4.98e+00];[-6.91e-01+j3.16e+00 -2.77e+00-j1.78e+00  2.16e+00-j4.98e+00  1.75e+00-j0.00e+00];
w22: [ 2.31e+01-j0.00e+00 -4.31e+00-j1.00e+00  5.52e+00-j6.35e+00  7.71e+00-j1.25e+01];[-4.31e+00+j1.00e+00  8.49e-01-j0.00e+00 -7.56e-01+j1.43e+00 -8.97e-01+j2.67e+00];[ 5.52e+00+j6.35e+00 -7.56e-01-j1.43e+00  3.07e+00-j0.00e+00  5.29e+00-j8.75e-01];[ 7.71e+00+j1.25e+01 -8.97e-01-j2.67e+00  5.29e+00+j8.75e-01  9.37e+00-j0.00e+00];
beta211: 0.127004938665
beta212: 0.629763504541
beta121: 0.992027534075
beta122: 0.1463664217
apha111: 61.3562850594
apha112: 110.806933154
apha121: 149.521717826
apha122: 58.1882696671
apha221: 76.8128156549
apha222: 52.8279987627
apha211: 49.8619256306
apha212: 107.652544635
